TEST1

Light hit: Natural Frequencies: [ 18.88510416  19.35332988 325.72902798 577.94661745]

Medium hit: Natural Frequencies: [ 18.91728084  19.40233932 172.68081995 230.56446559 231.53458256 325.79761442 339.21756579 343.42140597 377.86055827 441.72659186 577.86633943]

Hard hit: Natural Frequencies: [ 18.84591836  19.40431594 172.40525311 230.33900213 231.1765985 325.40619028 338.80773223 342.99571408 377.4767647  441.27368832 577.24349928]

TEST2

Light hit:
Natural Frequencies: [ 18.81745468  19.37638897 325.85869532 343.37196997 441.93071772]

Medium hit:
Natural Frequencies: [ 17.82231948  18.99741747  19.3891168  183.70698545 231.49430363
 274.97292918 325.89384199 343.32446215 441.83684347 473.76033881
 577.95236041 578.34405974 602.04186916 944.19123332 961.81770314]

Hard hit: 
Natural Frequencies: [  17.78507222   18.1238355    18.37790796   18.5472896 18.88605289
   19.39419781   21.42677749   21.93492241   22.18899487  171.49891073
  172.59989139  183.69438883  230.61310317  231.20593891  231.46001137
  231.79877465  231.96815629  275.07578373  292.60678349  324.36584104
  324.78929514  325.80558498  327.1606381   327.33001974  327.75347384
  343.42127556  441.23917279  441.66262689  441.91669935  442.42484427
  577.84546564  578.26891974  602.06704019  732.57559398  944.21795345
  961.83364403 1060.41375864]
  
TEST3
Natural Frequencies: [ 50.20991432  86.93589405 325.9208926  339.22740699 376.30822711
 377.55016845 377.90500883 379.67921075 473.53449229 473.88933267
 474.42159325 477.08289613 526.0508691 ]

